1	15.3847705205	14.9670485142	14.5344647255
2	15.65903702	15.0096672371	14.5254486685
3	15.1283050144	14.6976860087	13.2069352521
4	15.2504355438	14.6328787317	13.5869172839
5	15.2177858761	14.7207915077	13.5212003733
6	15.2403269649	14.5646390463	13.0996583979
7	15.2856843888	14.5076333347	13.066607619
8	15.6090004462	14.4667043477	12.6452886996
9	15.3939015153	14.6107636342	13.6755397801
10	15.2170567388	14.2830162978	12.9508299883
11	15.0717398557	14.2974377358	12.9508299883
12	15.1753977762	14.3261344892	13.4760485321
13	15.3453766602	14.3908093772	13.3447807858
14	15.0766798427	14.3551291031	13.5535518169
15	14.9015511031	14.4520419383	13.2054615373
16	15.121692845	14.4721980374	13.2054615373
17	15.0581269539	14.36614187	13.4333257472
18	15.379991454	14.2640556827	13.2978354735
19	15.1415890707	14.3173209312	13.2768071212
20	15.3360275676	14.3230680911	13.8467092714
21	14.6497469587	14.3005241573	13.6674267733
22	15.0144605222	14.2582994834	13.5872912779
23	15.176689158	14.223970484	13.1590403904
24	15.1967403928	14.3524589187	13.7842871074
25	15.1022053445	14.3330387807	13.7842871074
26	15.0780041921	14.2866747216	13.7393086821
27	14.8509060197	14.2872332825	13.78311029
28	14.6252941262	14.1957965646	13.7898303545
29	14.7753142057	14.2774437218	13.7672085496
30	15.0307044381	14.1677388772	13.6635987467
31	14.9228018794	14.1553076632	13.803347553
32	14.8085760163	14.3974388498	13.8377668824
33	14.7074426854	14.1727106378	13.6236737885
34	15.0058809152	14.1579954777	13.7158983479
35	14.8088099005	14.0827438174	13.6570471741
36	14.687090487	14.0974257903	13.6848198576
37	14.7911267245	14.0908212218	13.608651885
38	14.4604616374	14.0823825285	13.7405869135
39	14.6505267084	14.125416974	13.6748826644
40	15.003260731	14.1846076985	13.6391122156
41	14.5771698479	14.0900889685	13.5639727819
42	14.9340879231	14.1155338328	13.5639727819
43	14.93069642	14.053845226	13.5591415827
44	15.0863293053	14.0797196246	13.5639727819
45	14.8194709153	14.0787264392	13.5591415827
46	14.9187260338	14.0813671177	13.5591415827
47	14.8305321282	14.1270556469	13.6032149441
48	14.6903876808	13.9926647277	13.6032149441
49	14.6851919501	14.1036148033	13.5639727819
50	14.8450395624	14.0579358513	13.6087439034
51	15.0079398315	13.9853825422	13.5462667231
52	14.7007859733	13.9104498359	13.5591415827
53	14.6205145589	14.0284957375	13.5557703617
54	15.0909082515	13.8929035058	13.5711256924
55	14.4083570964	13.8341629911	13.5516616266
56	14.8155411622	13.9694135565	13.5545617896
57	14.706907053	14.115244924	13.6065555621
58	14.7159334833	14.0907108374	13.5539118809
59	15.0269887282	13.9408639465	13.5562291917
60	14.3688759644	13.7872374142	13.5539118809
61	14.6625805944	13.9234579177	13.5562291917
62	14.3356300205	13.8184359086	13.5462667231
63	14.7667378902	13.9983712743	13.5769448717
64	14.6246430105	13.978982589	13.5462667231
65	14.7192062984	14.0710483242	13.5473138502
66	14.6831719915	14.149272829	13.6282568818
67	14.7309320128	14.1059467564	13.5462667231
68	14.8085294481	14.0324673148	13.5462667231
69	14.7040048879	14.1554917947	13.6296075635
70	14.8470773296	14.0421765226	13.5434746574
71	14.687533409	14.0804030857	13.6448404937
72	14.8302597511	14.0377038617	13.5628291684
73	14.441421645	13.8550987092	13.5305181455
74	14.3496442575	13.8173301953	13.5221750178
75	14.4517242094	13.8276205495	13.5221750178
76	14.3703270189	13.8220778145	13.5368876395
77	14.4222284934	13.793026036	13.5221750178
78	14.5051440669	13.8121236486	13.5236271064
79	14.5981360548	13.9105734452	13.5253158497
80	14.6773988691	13.9102220454	13.5217339325
81	14.8285810306	13.9279829175	13.5221750178
82	14.7186860336	13.8859930128	13.5168011371
83	14.7186860336	13.8680196008	13.5168011371
84	14.1194567909	13.6940319466	13.5221750178
85	13.9784199066	13.665344141	13.5168011371
86	14.0547037635	13.6817094083	13.5168011371
87	14.3297505433	13.7909314875	13.5168011371
88	14.4595209293	13.8132718026	13.5236271064
89	14.3153685675	13.7743634321	13.5217339325
90	14.2476193956	13.7263240631	13.5236271064
91	14.7291968325	13.8115863497	13.5047100476
92	14.4928362231	13.8174493986	13.5062884848
93	14.6510664045	13.8509711518	13.5011649031
94	14.4856809633	13.8801401756	13.4980032337
95	14.5804856734	13.9028097487	13.494320506
96	14.5804856734	13.8308647555	13.494320506
97	14.6150039383	13.8389493369	13.494320506
98	14.381971904	13.7889378368	13.4870718809
99	14.4338764424	13.7462737801	13.484573751
100	14.3090924726	13.7821098818	13.484573751
101	14.5414010347	13.907990723	13.484573751
