1	20.7889093205	20.122589574	19.8614308258
2	22.2241175117	20.2779224921	19.8191996011
3	21.6678291263	20.0841098451	19.5406482391
4	20.8828899393	20.140487567	19.8543720559
5	22.3786357599	20.4004966287	19.9399924936
6	21.5513422477	20.1292350398	19.9241361136
7	19.9996766079	19.967431664	19.8803391133
8	21.4763548456	20.0633772868	19.9296244416
9	21.2355092319	20.0599791214	19.9796965887
10	20.0377481494	19.9915400534	19.9588166947
11	20.0186901332	19.9834777934	19.8508694802
12	20.0122385997	19.9920932982	19.9757649039
