1	77.2405126468	52.4421740938	35.9187505658
2	79.5955157647	51.7433947048	35.9981223137
3	79.2090104694	42.3732687225	35.6782950953
4	76.1581270038	47.4228786505	35.5250478803
5	79.0380628667	50.6417297133	35.4753990752
6	75.7533631336	46.2538577014	35.4865311281
7	56.7831088627	41.8359351367	35.459154203
8	78.6266451666	45.9408327712	35.4344026601
9	58.0913304358	44.9331479989	35.2246797713
10	56.2697243007	43.697140193	35.3017759762
11	56.0672263198	40.6320130177	35.1943189785
12	56.095016723	40.6245814096	35.235044232
