1	1.62525733275	1.50556716195	1.41794641005
2	2.27530277554	1.64235646415	1.17072950928
3	3.72162335217	1.84821677942	0.987528241035
4	3.5481901399	1.90195400544	0.978923657939
5	3.57444130571	1.91559692833	1.244780691
6	5.31915254237	2.32769087908	1.193832221
7	5.15753631961	2.31851665293	1.33122032792
8	5.05084745763	2.35398493962	1.33122032792
9	3.78552510986	2.12076987885	1.3211130777
10	4.83038135593	2.62135225808	1.28086271341
11	4.83038135593	2.53516619611	1.28873065276
12	4.06008757062	2.57681712047	1.44623727924
13	4.06008757062	2.62504222468	1.54245581798
14	4.84387947269	2.72000580101	1.49983035185
15	4.0813559322	2.44086227275	1.54342086328
16	3.56581746032	2.37016431856	1.62962855369
17	3.54321666218	2.4455177619	1.72487177837
18	3.81573383553	2.57318854703	1.72487177837
19	3.34744955609	2.44158478546	1.64161200717
20	3.4104493319	2.47296074537	1.69307932144
21	3.04008919977	2.47097757224	2.00073505094
22	3.19126726303	2.48820322155	2.01928028552
23	3.83506528562	2.45080608545	1.95116294477
24	2.95591230233	2.37193960547	2.02443916724
25	2.74513048157	2.37084146149	2.0090993012
26	2.73216505246	2.40202430955	2.02466724816
27	2.7971826742	2.3980999839	2.09908033795
28	2.64336189579	2.34985075775	2.10407389472
29	2.64486911488	2.3872610341	2.0991168179
30	2.64088150268	2.36577932207	2.06565564034
31	2.64088150268	2.32216267511	2.06565564034
32	2.64088150268	2.31829626576	2.1315159396
33	2.48775388537	2.29109258732	2.12837278896
34	2.45206642494	2.27782362165	2.04510401092
35	2.56072975518	2.30541569541	2.02142097733
36	2.40925081458	2.27243591585	2.05848180278
37	2.42645564809	2.25343955791	2.10228326988
38	2.43622257006	2.23695351009	2.10603263058
39	2.49199718465	2.24952044949	2.03111306976
40	2.45960650764	2.24866388224	1.99016895691
41	2.49116123775	2.24233328438	1.97735740437
42	2.49469319914	2.24356680908	1.93886214727
43	2.4633472212	2.23634974407	1.81467104365
44	2.47802177207	2.22883791214	1.77965690477
45	2.41976631393	2.23107068428	1.73712469723
46	2.43270680575	2.19755751162	1.69778782166
47	2.45337292416	2.2416195659	1.86680882441
48	2.5660233788	2.29191549525	1.92675086495
49	2.43929382607	2.24335021612	1.91287007824
50	2.45262678847	2.24750963602	1.89464860824
51	2.42536077482	2.29257940661	1.94599991032
52	2.41202622676	2.29086369402	1.93230626143
53	2.46057471609	2.30741830166	1.98467980701
54	2.45715378156	2.30167552715	2.04492183742
55	2.43446958895	2.31820440051	2.18975620613
56	2.40665560366	2.28588034305	2.05314307522
57	2.45093067886	2.23803335013	1.98225569252
58	2.45815328969	2.2475322538	1.94035504358
59	2.4721849311	2.33544593559	1.98043358478
60	2.44811417375	2.34962046667	2.20477943275
61	2.5077338729	2.32311315407	2.16845852933
62	2.44811417375	2.30696022459	2.12469386833
63	2.38190311237	2.27265197571	2.10268679531
64	2.42893066256	2.27617811426	2.04531391918
65	2.4356272518	2.23969347945	1.96455249882
66	2.42794479704	2.24262223875	1.93962031691
67	2.41416414617	2.23232475554	1.95330973306
68	2.41961987918	2.27444690961	2.04503905072
69	2.39338974898	2.25478223717	2.02021137651
70	2.45501191903	2.26653483896	2.02021137651
71	2.45653422169	2.26015246196	1.84441473885
72	2.46558804755	2.26324285652	2.0543161476
73	2.42461949601	2.31390792327	2.0543161476
74	2.45268743121	2.32575575332	2.19081037507
75	2.47267976985	2.33699713071	2.19742031185
76	2.48216450352	2.35580954956	2.1428555633
77	2.5701252225	2.37867423634	2.19596944476
78	2.45370831669	2.3608518402	2.18604032116
79	2.48221169932	2.34712091846	2.14507129473
80	2.46564979904	2.3286438366	2.13822504828
81	2.46667889549	2.33471435373	2.21128541672
82	2.4109800181	2.310111766	2.1345443852
83	2.42686441901	2.34377115965	2.13008356835
84	2.41077045679	2.35084149054	2.22772725914
85	2.41051892615	2.34383831396	2.18795128308
86	2.46311360172	2.36018088623	2.21076516442
87	2.42181923621	2.31448102099	2.1060035959
88	2.41507393956	2.30686864525	2.05328339232
89	2.45047080979	2.31802541568	2.09866738409
90	2.39233864064	2.29610200217	2.05849692785
91	2.48264291829	2.28476351164	2.01501128877
92	2.38884887617	2.30899768357	2.07860383496
93	2.38684423737	2.2907092454	2.00932112411
94	2.43631251172	2.2928467048	1.97287131199
95	2.39617989826	2.27297082349	1.97715775593
96	2.40509809964	2.29269112709	2.0632083286
97	2.40509809964	2.29230414022	2.05289903286
98	2.40387866559	2.28131398833	2.08645241968
99	2.39931364492	2.2887617423	2.08645241968
100	2.35700847458	2.29514803156	2.09531047358
101	2.35961405826	2.2577370023	2.01176629491
